  6657.208700  23924.629300  -9365.052830
  6487.641354  24854.228652  -6686.784703
  6336.375711  25482.716679  -3893.202858
  6165.301887  25802.167192  -1032.499700
  5936.121865  25813.701798   1846.001622
  5612.026461  25527.383177   4692.703440
  5159.315947  24961.774418   7458.592367
  4548.900635  24143.182382  10096.085403
  3757.622631  23104.615311  12559.848489
  2769.347115  21884.495826  14807.573369
  1575.780688  20525.179788  16800.699583
   176.985050  19071.338655  18505.069596
 -1418.433876  17568.267979  19891.506418
 -3193.468688  16060.187127  20936.304576
 -5123.179724  14588.595350  21621.626857
 -7175.472947  13190.746821  21935.800891
 -9312.156984  11898.302463  21873.511258
-11490.239317  10736.209452  21435.884523
-13663.412639   9721.850463  20630.466180
-15783.675254   8864.494419  19471.090145
-17803.024352   8165.069010  17977.643047
-19675.158228   7616.263055  16175.727101
-21357.123067   7202.954260  14096.226917
-22810.841936   6902.945580  11774.787066
-24004.467898   6687.981613   9251.208676
-24913.509689   6525.005755   6568.774681
-25521.686872   6377.609513   3773.514608
-25821.481557   6207.617921    913.420903
-25814.365212   5976.749551  -1962.370231
-25510.691529   5648.286574  -4804.419751
-24929.259014   5188.689715  -7563.834172
-24096.559774   4569.094818 -10193.106883
-23045.743058   3766.632160 -12646.937802
-21815.333243   2765.516284 -14883.017021
-20447.751542   1557.862913 -16862.758657
-18987.698406    144.199929 -18551.971877
-17480.459110  -1466.348719 -19921.457148
-15970.198068  -3256.214735 -20947.516985
-14498.307965  -5199.868236 -21612.371985
-13101.877691  -7264.614132 -21904.474526
-11812.338516  -9411.672386 -21818.714319
-10654.341015 -11597.501281 -21356.511893
 -9644.906275 -13775.313241 -20525.798029
 -8792.884181 -15896.725101 -19340.879243
 -8098.739606 -17913.479338 -17822.191420
 -7554.674399 -19779.169867 -15995.945752
 -7145.079922 -21450.905705 -13893.673117
 -6847.301842 -22890.848136 -11551.674927
 -6632.686588 -24067.561880  -9010.390253
 -6467.867802 -24957.128060  -6313.690578
 -6316.241650 -25543.976037  -3508.114961
 -6139.572495 -25821.402299   -642.059457
 -5899.665367 -25791.756802   2235.064530
 -5560.039178 -25466.290299   5073.687741
 -5087.534729 -24864.669390   7824.941056
 -4453.794363 -24014.179001  10441.498745
 -3636.555267 -22948.644067  12878.392193
 -2620.705962 -21707.112973  15093.780085
 -1399.064874 -20332.354283  17049.662006
    27.149201 -18869.225261  18712.523653
  1648.172915 -17362.975271  20053.903184
  3445.886093 -15857.549326  21050.869820
  5394.324220 -14393.956693  21686.407289
  7460.496251 -13008.766658  21949.696438
  9605.476737 -11732.788468  21836.292934
 11785.730922 -10589.985208  21348.197643
 13954.622764  -9596.662391  20493.818931
 16064.048940  -8760.961497  19287.827728
 18066.137147  -8082.677108  17750.907818
 19914.944570  -7553.404029  15909.405347
 21568.092296  -7157.008235  13794.883116
 22988.273725  -6870.403219  11443.586671
 24144.579677  -6664.601652   8895.830635
 25013.589679  -6506.001701   6195.315113
 25580.187618  -6357.858305   3388.383179
 25838.070339  -6181.882460    523.231610
 25789.929374  -5939.906468  -2350.912052
 25447.298446  -5595.550369  -5184.632296
 24830.072197  -5115.824499  -7929.173965
 23965.714286  -4472.605351 -10537.281515
 22888.184985  -3643.926647 -12964.014659
 21636.629392  -2615.034462 -15167.526092
 20253.876672  -1379.164277 -17109.787605
 18784.808200     61.991491 -18757.251683
 17274.657665   1698.144985 -20081.436769
 15767.308907   3510.610174 -21059.425689
 14303.657433   5472.829561 -21674.268207
 12920.099160   7551.211176 -21915.280332
 11647.204989   9706.244525 -21778.234833
 10508.632632  11893.853209 -21265.439278
  9520.317847  14066.932608 -20385.699935
  8689.976337  16177.013634 -19154.171876
  8016.935386  18175.988549 -17592.097685
  7492.301378  20017.832227 -15726.439207
  7099.456135  21660.252352 -13589.408709
  6814.862047  23066.204673 -11217.907776
