*  2018  9 14  0  0  0.00000000
*  2018  9 14  0 15  0.00000000
*  2018  9 14  0 30  0.00000000
*  2018  9 14  0 45  0.00000000
*  2018  9 14  1  0  0.00000000
*  2018  9 14  1 15  0.00000000
*  2018  9 14  1 30  0.00000000
*  2018  9 14  1 45  0.00000000
*  2018  9 14  2  0  0.00000000
*  2018  9 14  2 15  0.00000000
*  2018  9 14  2 30  0.00000000
*  2018  9 14  2 45  0.00000000
*  2018  9 14  3  0  0.00000000
*  2018  9 14  3 15  0.00000000
*  2018  9 14  3 30  0.00000000
*  2018  9 14  3 45  0.00000000
*  2018  9 14  4  0  0.00000000
*  2018  9 14  4 15  0.00000000
*  2018  9 14  4 30  0.00000000
*  2018  9 14  4 45  0.00000000
*  2018  9 14  5  0  0.00000000
*  2018  9 14  5 15  0.00000000
*  2018  9 14  5 30  0.00000000
*  2018  9 14  5 45  0.00000000
*  2018  9 14  6  0  0.00000000
*  2018  9 14  6 15  0.00000000
*  2018  9 14  6 30  0.00000000
*  2018  9 14  6 45  0.00000000
*  2018  9 14  7  0  0.00000000
*  2018  9 14  7 15  0.00000000
*  2018  9 14  7 30  0.00000000
*  2018  9 14  7 45  0.00000000
*  2018  9 14  8  0  0.00000000
*  2018  9 14  8 15  0.00000000
*  2018  9 14  8 30  0.00000000
*  2018  9 14  8 45  0.00000000
*  2018  9 14  9  0  0.00000000
*  2018  9 14  9 15  0.00000000
*  2018  9 14  9 30  0.00000000
*  2018  9 14  9 45  0.00000000
*  2018  9 14 10  0  0.00000000
*  2018  9 14 10 15  0.00000000
*  2018  9 14 10 30  0.00000000
*  2018  9 14 10 45  0.00000000
*  2018  9 14 11  0  0.00000000
*  2018  9 14 11 15  0.00000000
*  2018  9 14 11 30  0.00000000
*  2018  9 14 11 45  0.00000000
*  2018  9 14 12  0  0.00000000
*  2018  9 14 12 15  0.00000000
*  2018  9 14 12 30  0.00000000
*  2018  9 14 12 45  0.00000000
*  2018  9 14 13  0  0.00000000
*  2018  9 14 13 15  0.00000000
*  2018  9 14 13 30  0.00000000
*  2018  9 14 13 45  0.00000000
*  2018  9 14 14  0  0.00000000
*  2018  9 14 14 15  0.00000000
*  2018  9 14 14 30  0.00000000
*  2018  9 14 14 45  0.00000000
*  2018  9 14 15  0  0.00000000
*  2018  9 14 15 15  0.00000000
*  2018  9 14 15 30  0.00000000
*  2018  9 14 15 45  0.00000000
*  2018  9 14 16  0  0.00000000
*  2018  9 14 16 15  0.00000000
*  2018  9 14 16 30  0.00000000
*  2018  9 14 16 45  0.00000000
*  2018  9 14 17  0  0.00000000
*  2018  9 14 17 15  0.00000000
*  2018  9 14 17 30  0.00000000
*  2018  9 14 17 45  0.00000000
*  2018  9 14 18  0  0.00000000
*  2018  9 14 18 15  0.00000000
*  2018  9 14 18 30  0.00000000
*  2018  9 14 18 45  0.00000000
*  2018  9 14 19  0  0.00000000
*  2018  9 14 19 15  0.00000000
*  2018  9 14 19 30  0.00000000
*  2018  9 14 19 45  0.00000000
*  2018  9 14 20  0  0.00000000
*  2018  9 14 20 15  0.00000000
*  2018  9 14 20 30  0.00000000
*  2018  9 14 20 45  0.00000000
*  2018  9 14 21  0  0.00000000
*  2018  9 14 21 15  0.00000000
*  2018  9 14 21 30  0.00000000
*  2018  9 14 21 45  0.00000000
*  2018  9 14 22  0  0.00000000
*  2018  9 14 22 15  0.00000000
*  2018  9 14 22 30  0.00000000
*  2018  9 14 22 45  0.00000000
*  2018  9 14 23  0  0.00000000
*  2018  9 14 23 15  0.00000000
*  2018  9 14 23 30  0.00000000
*  2018  9 14 23 45  0.00000000
