58369.00  -13.771056   -4.560831
58369.25  -13.782123   -4.544093
58369.50  -13.797019   -4.527629
58369.75  -13.815632   -4.511653
58370.00  -13.837777   -4.496370
58370.25  -13.863200   -4.481968
58370.50  -13.891587   -4.468619
58370.75  -13.922574   -4.456473
58371.00  -13.955751   -4.445654
58371.25  -13.990679   -4.436260
58371.50  -14.026899   -4.428359
58371.75  -14.063945   -4.421991
58372.00  -14.101353   -4.417167
58372.25  -14.138673   -4.413869
58372.50  -14.175478   -4.412051
58372.75  -14.211371   -4.411646
58373.00  -14.245995   -4.412562
58373.25  -14.279033   -4.414691
58373.50  -14.310214   -4.417907
58373.75  -14.339315   -4.422076
58374.00  -14.366160   -4.427052
58374.25  -14.390621   -4.432688
58374.50  -14.412612   -4.438833
58374.75  -14.432094   -4.445338
58375.00  -14.449063   -4.452057
58375.25  -14.463552   -4.458853
58375.50  -14.475626   -4.465593
58375.75  -14.485378   -4.472155
58376.00  -14.492927   -4.478426
58376.25  -14.498410   -4.484306
58376.50  -14.501985   -4.489703
58376.75  -14.503824   -4.494535
58377.00  -14.504113   -4.498735
58377.25  -14.503045   -4.502241
58377.50  -14.500825   -4.505004
58377.75  -14.497661   -4.506984
